image: map20210723.pgm
resolution: 0.050000
origin: [-7.300000, -3.210545, 0.000000]
negate: 0
occupied_thresh: 0.65
free_thresh: 0.196

