image: office415.pgm
resolution: 0.050000
origin: [-7.206931, -3.675745, 0.000000]
negate: 0
occupied_thresh: 0.65
free_thresh: 0.196

